State space: 7056
v_table (2, 13, 3, 13) 0.14143990929705208
policy (2, 13, 3, 13) 2
v_table (1, 13, 2, 13) 0.1396003401360543
policy (1, 13, 2, 13) 2
v_table (1, 13, 3, 13) 0.1395925333362587
policy (1, 13, 3, 13) 2
v_table (0, 13, 1, 13) 0.1376374433106574
policy (0, 13, 1, 13) 2
v_table (1, 12, 2, 13) 0.13763541842998073
policy (1, 12, 2, 13) 4
v_table (0, 13, 2, 13) 0.13762449244825126
policy (0, 13, 2, 13) 2
v_table (0, 12, 1, 13) 0.13555245209750538
policy (0, 12, 1, 13) 4
v_table (1, 12, 1, 13) 0.13334658744047584
policy (1, 12, 1, 13) 1
v_table (0, 11, 1, 13) 0.13334658742372266
policy (0, 11, 1, 13) 4
v_table (1, 11, 1, 12) 0.13130450478602562
policy (1, 11, 1, 12) 4
v_table (1, 11, 1, 13) 0.1310181805149906
policy (1, 11, 1, 13) 1
v_table (1, 10, 1, 11) 0.1291411196021109
policy (1, 10, 1, 11) 4
v_table (0, 11, 1, 12) 0.12913991108477146
policy (0, 11, 1, 12) 2
v_table (1, 10, 1, 12) 0.12913726297548944
policy (1, 10, 1, 12) 4
v_table (2, 11, 1, 12) 0.1290588606387947
policy (2, 11, 1, 12) 1
v_table (1, 9, 1, 10) 0.12685764491402618
policy (1, 9, 1, 10) 4
v_table (0, 10, 1, 11) 0.12685561076550905
policy (0, 10, 1, 11) 2
v_table (2, 10, 1, 11) 0.1268466809627706
policy (2, 10, 1, 11) 1
v_table (1, 9, 1, 11) 0.12682634389761
policy (1, 9, 1, 11) 4
v_table (2, 9, 1, 10) 0.1244552816168133
policy (2, 9, 1, 10) 1
